1.png 28 0,1 1,1
2.png 28 0,10 1,8
3.png 28 0,7 1,1 0,3 2,1 3,5 2,1
4.png 28 0,1 1,1
5.png 28 0,1 1,1
6.png 28 0,1 1,1
7.png 28 0,5 1,2
8.png 28 0,8 1,8
9.png 28 0,20 1,10 2,1 1,1 2,1 1,10
10.png 28 0,10 1,4
11.png 28 0,5 1,5
12.png 28 0,6 1,6
13.png 28 0,2 1,2
14.png 28 0,8 1,8
15.png 28 0,2 1,2
16.png 28 0,1 1,1
17.png 28 0,1 1,1
18.png 28 0,1 1,1
19.png 28 0,5 1,5
20.png 28 0,2 1,2
21.png 28 0,6 1,6
22.png 28 0,3 1,3
23.png 28 0,4 1,4
24.png 28 0,2 1,2
25.png 28 0,3 1,3
26.png 28 0,6 1,6
27.png 28 0,5 1,5
28.png 28 0,10 1,10
29.png 28 0,10 1,10
30.png 32 0,5 1,1 0,1 1,1 0,1 1,1 0,1 1,1 2,1 3,3 0,2 3,3 0,2 3,3 0,2 4,1 0,1 5,1 6,1 5,1 0,1 4,1 0,1 5,1 6,1 5,1 0,1 4,1 0,1 5,1
31.png 28 0,1 1,1 2,1 3,1 4,1 5,1 6,1 7,1
32.png 28 0,10 1,1 2,1 3,1 4,1 5,1 6,1 7,1 8,1
33.png 28 0,10 1,2 2,5 3,2 4,10 5,2 6,1 7,1 8,1 9,5 10,8
34.png 28 0,10 1,10
35.png 32 0,1 1,1 2,1 3,1 2,1 1,1
36.png 28 0,1 1,1 0,1 2,1
37.png 28 0,1 1,1 2,1 3,20 4,1
38.png 28 0,10 1,5 2,8 3,1 4,10 5,10
39.png 28 0,1 1,1 2,1 3,1 4,1 5,1 6,1 7,1
40.png 28 0,10 1,20 0,10 2,1
41.png 30 0,1 1,1 2,1 3,1 4,1 5,1 6,1 7,1 5,1 8,1
42.png 32 0,1 1,2 0,1 1,2 0,1 1,2 2,1 3,1 4,2 3,1 4,2 3,1 4,2 2,1 5,1 6,2 7,1 8,1 7,1 8,1 7,1 8,1 7,1 2,2
43.png 28 0,10 1,2 2,2 3,5 2,2 1,2
44.png 28 0,1 1,1 2,1 3,1 4,1 3,1 2,1 1,1
45.png 28 0,1 1,1 2,1 1,1
46.png 28 0,50 1,50
47.png 28 0,5 1,1 0,1 2,1 3,1 4,1 5,1 4,1 3,1 2,1
48.png 28 0,1 1,1 2,1 3,1 2,1 1,1
49.png 28 0,10 1,10 0,10 2,10
